epoch: 0	train ppl: 537.1842785100089	val ppl: 314.41165070734024	best val: 314.41165070734024	time (s) spent in epoch: 186.21709370613098
epoch: 1	train ppl: 299.6922586445149	val ppl: 233.2374905480512	best val: 233.2374905480512	time (s) spent in epoch: 186.98715686798096
epoch: 2	train ppl: 242.37043341649877	val ppl: 202.83336000822047	best val: 202.83336000822047	time (s) spent in epoch: 187.01991868019104
epoch: 3	train ppl: 208.9213045524732	val ppl: 175.97474938083772	best val: 175.97474938083772	time (s) spent in epoch: 186.9956569671631
