epoch: 0	train ppl: 537.4743367162876	val ppl: 344.5164952647441	best val: 344.5164952647441	time (s) spent in epoch: 968.0161499977112
epoch: 1	train ppl: 380.4602712501069	val ppl: 295.58910408405364	best val: 295.58910408405364	time (s) spent in epoch: 968.5594804286957
epoch: 2	train ppl: 338.92987497334883	val ppl: 273.58118104390866	best val: 273.58118104390866	time (s) spent in epoch: 968.3372659683228
