epoch: 0	train ppl: 647.4465759784986	val ppl: 397.5014616938562	best val: 397.5014616938562	time (s) spent in epoch: 192.939679145813
epoch: 1	train ppl: 396.8722846270625	val ppl: 304.60164745308623	best val: 304.60164745308623	time (s) spent in epoch: 193.68166494369507
epoch: 2	train ppl: 324.6560297855029	val ppl: 260.18255397561785	best val: 260.18255397561785	time (s) spent in epoch: 193.76597547531128
